0.012533547935523																																							
7.8957634722828																																							
-8.7803203303561																																							
0.31802509345418																																							
-0.26145533859358																																							
-0.0078199751687981																																							
0.0088089493102134																																							
-0.66856572307965																																							
0.20433810950965																																							
-6.6212605039687e-5																																							
-0.19232721156002																																							
-0.25709043003438																																							
0.16074868486251																																							
-0.040092828925807																																							
3.9343422603254e-7																																							
-7.5941377088144e-6																																							
5.6250979351888e-4																																							
-1.5608652257135e-5																																							
1.1537996422951e-9																																							
3.6582165144204e-7																																							
-1.3251180074668e-12																																							
-6.2639586912454e-10																																							
-0.10793600908932																																							
0.017611491008752																																							
0.22132295167546																																							
-0.40247669763528																																							
0.58083399985759																																							
4.9969146990806e-3																																							
-0.031358700712549																																							
-0.74315929710341																																							
0.4780732991548																																							
0.020527940895948																																							
-0.13636435110343																																							
0.014180634400617																																							
8.3326504880713e-3																																							
-0.029052336009585																																							
0.038615085574206																																							
-0.020393486513704																																							
-1.6554050063734e-3																																							
1.9955571979541e-3																																							
1.5870308324157e-4																																							
-1.638856834253e-5																																							
0.043613615723811																																							
0.034994005463765																																							
-0.076788197844621																																							
0.022446277332006																																							
-6.2689710414685e-5																																							
-5.5711118565645e-10																																							
-0.19905718354408																																							
0.31777497330738																																							
-0.11841182425981																																							
-31.306260323435																																							
31.546140237781																																							
-2521.3154341695																																							
-0.14874640856724																																							
0.31806110878444																																							
